L= 630       157.5      78.75        54           36           27           18          13.5         9           2.25

>> E(:,10)=out.E.E

E =
   
    0.0410   0.0412    0.0417    0.0425    0.0440    0.0460    0.0505    0.0553    0.0650    0.1040  
    0.0410   0.0418    0.0439    0.0470    0.0533    0.0608    0.0777    0.0943    0.1164    0.1277
    0.0411   0.0428    0.0477    0.0545    0.0683    0.0845    0.1138    0.1206    0.1287    0.1360


>> H(:,10)=out.HH.E

H =

    0.0251   0.0251    0.0252    0.0253    0.0256    0.0259    0.0268    0.0279    0.0304    0.0517    
    0.0251   0.0252    0.0255    0.0260    0.0270    0.0284    0.0319    0.0361    0.0458    0.0725    
    0.0251   0.0254    0.0261    0.0271    0.0295    0.0325    0.0402    0.0493    0.0673    0.0730    

>> L(:,10)=out.LH.E

L =

    0.0251   0.0253    0.0257    0.0263    0.0276    0.0290    0.0324    0.0360    0.0426    0.0656    
    0.0251   0.0258    0.0275    0.0299    0.0348    0.0406    0.0528    0.0635    0.0749    0.0812    
    0.0252   0.0266    0.0305    0.0359    0.0466    0.0584    0.0727    0.0755    0.0826    0.0895    