Y=  E1 
Columns 1 through 8 
    20                10          30           5              15          2.5          60           120        
    0.0102    0.0309    0.0050    0.0771    0.0165    0.1479    0.0014    0.0004
    0.0408    0.1215    0.0201    0.2560    0.0656    0.2693    0.0056    0.0015
    0.0913    0.2495    0.0452    0.2720    0.1455    0.2718    0.0126    0.0033

 Columns 9 through 10 
       240        480
    0.0001    0.0000
    0.0004    0.0001
    0.0009    0.0002


H = H 1

  Columns 1 through 8 
       480         240         120          60            30          20            15          10  
    0.0000    0.0000    0.0000    0.0002    0.0007    0.0016    0.0027    0.0056
    0.0000    0.0001    0.0002    0.0008    0.0030    0.0064    0.0108    0.0222
    0.0000    0.0001    0.0004    0.0017    0.0067    0.0143    0.0243    0.0496

  Columns 9 through 10 
        5             2.5
    0.0174    0.0449
    0.0678    0.1505
    0.1413    0.1606